Date,New Cases,7-Day Moving Avg,Historic Cases
7/2/2021,15555,13241,391
7/1/2021,17911,12914,472
6/30/2021,14353,12528,810
6/29/2021,14823,12504,122
6/28/2021,8669,12295,44
6/27/2021,8957,12213,58
6/26/2021,12423,12045,0
6/25/2021,13265,11969,0
6/24/2021,15208,11733,0
6/23/2021,14188,11472,50
6/22/2021,13361,11385,0
6/21/2021,8092,11318,0
6/20/2021,7780,11281,0
6/19/2021,11890,11388,0
6/18/2021,11613,11365,0
6/17/2021,13381,11757,0
6/16/2021,13583,11610,0
6/15/2021,12891,12743,0
6/14/2021,7833,13140,0
6/13/2021,8527,13540,0
6/12/2021,11727,13936,0
6/11/2021,14362,14573,0
6/10/2021,12350,15206,1
6/9/2021,21517,15975,464
6/8/2021,15664,15305,0
6/7/2021,10639,14288,0
6/6/2021,11294,14154,0
6/5/2021,16185,14265,0
6/4/2021,18797,14188,0
6/3/2021,17732,14435,0
6/2/2021,16826,14969,0
6/1/2021,8543,15941,0
5/31/2021,9702,18137,1
5/30/2021,12072,18869,0
5/29/2021,15647,19422,0
5/28/2021,20529,20502,0
5/27/2021,21470,21373,0
5/26/2021,23629,22273,0
5/25/2021,23916,22858,0
5/24/2021,14826,23611,0
5/23/2021,15938,24147,0
5/22/2021,23208,24905,0
5/21/2021,26629,25761,0
5/20/2021,27767,26785,0
5/19/2021,27727,27917,0
5/18/2021,29184,28956,0
5/17/2021,18578,29615,406
5/16/2021,21243,30472,0
5/15/2021,29202,31174,42
5/14/2021,33798,32248,0
5/13/2021,35692,33690,0
5/12/2021,34996,34780,0
5/11/2021,33798,36199,0
5/10/2021,24580,37578,0
5/9/2021,26153,38581,0
5/8/2021,36719,40196,0
5/7/2021,43893,41858,0
5/6/2021,43323,43350,0
5/5/2021,44932,45321,0
5/4/2021,43452,46714,0
5/3/2021,31601,47972,0
5/2/2021,37455,48983,0
5/1/2021,48350,49456,0
4/30/2021,54338,50365,0
4/29/2021,57125,51410,0
4/28/2021,54679,52139,0
4/27/2021,52258,53298,0
4/26/2021,38679,54472,-9005
4/25/2021,40764,53751,0
4/24/2021,54718,55251,0
4/23/2021,61647,57951,0
4/22/2021,62232,59303,0
4/21/2021,62791,60939,0
4/20/2021,60476,62405,0
4/19/2021,33634,64614,0
4/18/2021,51264,67651,0
4/17/2021,73617,67910,0
4/16/2021,71110,66885,0
4/15/2021,73682,67956,0
4/14/2021,73052,68420,0
4/13/2021,75942,68867,0
4/12/2021,54895,67301,0
4/11/2021,53072,67271,0
4/10/2021,66442,66110,0
4/9/2021,78611,65607,72
4/8/2021,76932,64497,0
4/7/2021,76179,64032,0
4/6/2021,64982,63219,0
4/5/2021,54679,62912,0
4/4/2021,44948,63130,0
4/3/2021,62922,64188,0
4/2/2021,70842,64166,0
4/1/2021,73673,64883,0
3/31/2021,70489,63844,0
3/30/2021,62831,63386,0
3/29/2021,56207,62871,0
3/28/2021,52357,61544,0
3/27/2021,62765,60334,0
3/26/2021,75864,59533,0
3/25/2021,66396,57379,0
3/24/2021,67287,56774,0
3/23/2021,59223,55707,0
3/22/2021,46917,55084,0
3/21/2021,43890,54398,0
3/20/2021,57160,54168,0
3/19/2021,60784,53643,0
3/18/2021,62162,53685,0
3/17/2021,59817,53191,0
3/16/2021,54859,53014,0
3/15/2021,42114,52872,0
3/14/2021,42284,52727,0
3/13/2021,53483,52707,0
3/12/2021,61076,52973,0
3/11/2021,58708,53243,0
3/10/2021,58580,53998,0
3/9/2021,53863,54978,891
3/8/2021,41100,55457,0
3/7/2021,42140,56173,0
3/6/2021,55347,57471,0
3/5/2021,62966,58945,0
3/4/2021,63992,60112,0
3/3/2021,65443,60982,0
3/2/2021,57217,62021,0
3/1/2021,46109,63830,0
2/28/2021,51225,64960,0
2/27/2021,65669,65025,0
2/26/2021,71134,64929,0
2/25/2021,70078,64604,0
2/24/2021,72716,64228,0
2/23/2021,69879,63746,0
2/22/2021,54025,61797,0
2/21/2021,51676,61544,0
2/20/2021,64999,62937,0
2/19/2021,68858,65521,0
2/18/2021,67443,69330,0
2/17/2021,69345,73730,0
2/16/2021,56238,77943,0
2/15/2021,52254,83011,0
2/14/2021,61425,86739,0
2/13/2021,83085,89586,0
2/12/2021,95522,92719,0
2/11/2021,98243,96739,0
2/10/2021,98836,99865,0
2/9/2021,91717,102283,0
2/8/2021,78347,106368,0
2/7/2021,81354,112340,0
2/6/2021,105019,115099,0
2/5/2021,123661,121640,0
2/4/2021,120127,123932,0
2/3/2021,115762,128984,0
2/2/2021,120311,135421,0
2/1/2021,120150,139476,0
1/31/2021,100666,139637,0
1/30/2021,150808,144135,0
1/29/2021,139706,146087,0
1/28/2021,155489,153386,0
1/27/2021,160821,159012,0
1/26/2021,148695,163508,0
1/25/2021,121277,167448,0
1/24/2021,132152,165500,0
1/23/2021,164471,169835,0
1/22/2021,190800,175231,0
1/21/2021,194870,181499,0
1/20/2021,192292,185975,0
1/19/2021,176280,192264,584
1/18/2021,107641,197131,0
1/17/2021,162493,208659,0
1/16/2021,202245,214351,0
1/15/2021,234674,217809,0
1/14/2021,226206,228907,0
1/13/2021,236310,238331,0
1/12/2021,210349,245870,0
1/11/2021,188339,251226,0
1/10/2021,202334,251905,0
1/9/2021,226455,247995,0
1/8/2021,312357,247156,0
1/7/2021,292174,231724,0
1/6/2021,289088,229088,0
1/5/2021,247836,226789,0
1/4/2021,193093,222903,0
1/3/2021,174968,221811,0
1/2/2021,220578,213341,0
1/1/2021,204331,206021,0
12/31/2020,273724,198433,0
12/30/2020,272998,187243,0
12/29/2020,220635,182417,0
12/28/2020,185448,178714,0
12/27/2020,115677,176949,0
12/26/2020,169339,185370,0
12/25/2020,151211,190365,0
12/24/2020,195396,202959,0
12/23/2020,239216,209596,0
12/22/2020,194713,209137,0
12/21/2020,173097,209069,0
12/20/2020,174618,211373,0
12/19/2020,204305,212573,0
12/18/2020,239371,215032,0
12/17/2020,241857,217009,0
12/16/2020,235998,214492,0
12/15/2020,194237,213775,0
12/14/2020,189230,218474,0
12/13/2020,183018,217701,0
12/12/2020,221513,216808,0
12/11/2020,253215,215860,0
12/10/2020,224238,213562,0
12/9/2020,230974,215962,0
12/8/2020,227134,215147,0
12/7/2020,183819,211971,0
12/6/2020,176763,208190,0
12/5/2020,214883,203271,0
12/4/2020,237128,192374,0
12/3/2020,241034,181412,0
12/2/2020,225268,170473,0
12/1/2020,204907,166870,0
11/30/2020,157349,163413,0
11/29/2020,142332,163840,0
11/28/2020,138606,165222,0
11/27/2020,160394,170448,0
11/26/2020,164455,176113,0
11/25/2020,200048,180766,0
11/24/2020,180712,178252,0
11/23/2020,160333,177195,0
11/22/2020,152012,175677,0
11/21/2020,175188,174238,0
11/20/2020,200044,171943,0
11/19/2020,197026,169952,0
11/18/2020,182455,165673,0
11/17/2020,173307,162736,0
11/16/2020,149711,159976,0
11/15/2020,141940,156410,0
11/14/2020,159119,151805,0
11/13/2020,186108,142523,0
11/12/2020,167075,136184,0
11/11/2020,161895,130985,0
11/10/2020,153989,124728,0
11/9/2020,124747,117567,0
11/8/2020,109703,112614,0
11/7/2020,94147,107721,0
11/6/2020,141734,106914,0
11/5/2020,130684,101104,0
11/4/2020,118097,95602,0
11/3/2020,103862,91289,0
11/2/2020,90071,87850,0
11/1/2020,75454,84768,67475
10/31/2020,88500,82697,0
10/30/2020,101062,80990,0
10/29/2020,92171,77778,0
10/28/2020,87904,75970,0
10/27/2020,79788,73368,0
10/26/2020,68503,71376,0
10/25/2020,60956,69685,0
10/24/2020,76552,67785,0
10/23/2020,78574,64937,0
10/22/2020,79513,63740,0
10/21/2020,69696,61521,0
10/20/2020,65839,60364,0
10/19/2020,56665,58893,0
10/18/2020,47661,57377,0
10/17/2020,56613,57372,0
10/16/2020,70193,56465,0
10/15/2020,63983,54877,0
10/14/2020,61597,53870,0
10/13/2020,55541,53203,0
10/12/2020,46056,51588,0
10/11/2020,47625,50800,0
10/10/2020,50266,49182,0
10/9/2020,59077,48875,0
10/8/2020,56934,47812,0
10/7/2020,56922,46649,0
10/6/2020,44241,45292,0
10/5/2020,40541,45003,0
10/4/2020,36296,44576,0
10/3/2020,48118,44326,0
10/2/2020,51638,43387,0
10/1/2020,48787,43220,0
9/30/2020,47427,42896,0
9/29/2020,42216,42469,0
9/28/2020,37555,43826,0
9/27/2020,34541,44196,0
9/26/2020,41549,43875,0
9/25/2020,50470,43916,0
9/24/2020,46515,43570,0
9/23/2020,44439,43604,0
9/22/2020,51713,43712,0
9/21/2020,40150,41844,0
9/20/2020,32290,40881,0
9/19/2020,41841,40629,0
9/18/2020,48046,40241,0
9/17/2020,46752,39832,0
9/16/2020,45192,38935,0
9/15/2020,38640,38129,0
9/14/2020,33410,36518,0
9/13/2020,30527,35081,0
9/12/2020,39121,35104,0
9/11/2020,45187,35299,0
9/10/2020,40472,35811,0
9/9/2020,39551,36655,0
9/8/2020,27362,37171,0
9/7/2020,23350,39624,0
9/6/2020,30685,40796,0
9/5/2020,40488,41136,0
9/4/2020,48770,41150,0
9/3/2020,46380,40759,0
9/2/2020,43164,41044,1705
9/1/2020,44533,41693,0
8/31/2020,31555,41049,0
8/30/2020,33066,41519,0
8/29/2020,40586,41600,0
8/28/2020,46029,41725,0
8/27/2020,48377,41786,0
8/26/2020,47711,41571,0
8/25/2020,40022,41479,0
8/24/2020,34843,41689,0
8/23/2020,33633,42127,0
8/22/2020,41463,42729,0
8/21/2020,46456,43356,0
8/20/2020,46871,44331,0
8/19/2020,47069,45179,0
8/18/2020,41494,46089,0
8/17/2020,37903,47339,0
8/16/2020,37852,47591,0
8/15/2020,45849,48371,0
8/14/2020,53283,49296,0
8/13/2020,52805,50008,0
8/12/2020,53437,50730,0
8/11/2020,50245,51250,0
8/10/2020,39667,51638,0
8/9/2020,43315,52427,0
8/8/2020,52324,53268,0
8/7/2020,58263,54004,0
8/6/2020,57859,55178,0
8/5/2020,57078,56387,0
8/4/2020,52966,57668,0
8/3/2020,45184,58492,0
8/2/2020,49203,59442,0
8/1/2020,57481,60243,0
7/31/2020,66479,60664,0
7/30/2020,66320,61577,0
7/29/2020,66043,62203,0
7/28/2020,58740,62813,0
7/27/2020,51834,63330,0
7/26/2020,54806,64623,0
7/25/2020,60431,65394,0
7/24/2020,72867,66354,0
7/23/2020,70704,67188,0
7/22/2020,70309,68163,0
7/21/2020,62363,68682,0
7/20/2020,60882,68604,0
7/19/2020,60205,68348,0
7/18/2020,67153,68668,0
7/17/2020,78702,68486,0
7/16/2020,77532,68104,0
7/15/2020,73937,66879,0
7/14/2020,61818,66333,0
7/13/2020,59089,65818,0
7/12/2020,62449,63815,0
7/11/2020,65878,61381,0
7/10/2020,76031,59744,0
7/9/2020,68955,57617,0
7/8/2020,70115,56347,0
7/7/2020,58214,54846,0
7/6/2020,45065,53338,0
7/5/2020,45414,52507,0
7/4/2020,54416,52481,0
7/3/2020,61144,51768,0
7/2/2020,60067,50513,0
7/1/2020,59605,48946,0
6/30/2020,47661,46405,0
6/29/2020,39246,45012,0
6/28/2020,45230,43518,0
6/27/2020,49427,41343,0
6/26/2020,52356,39430,0
6/25/2020,49101,37128,0
6/24/2020,41815,34790,0
6/23/2020,37912,33100,0
6/22/2020,28785,31608,0
6/21/2020,30007,30410,0
6/20/2020,36037,29170,0
6/19/2020,36242,27665,0
6/18/2020,32732,26665,0
6/17/2020,29988,25558,0
6/16/2020,27471,24806,0
6/15/2020,20399,23671,0
6/14/2020,21327,23313,0
6/13/2020,25496,22866,0
6/12/2020,29246,22585,0
6/11/2020,24983,22091,0
6/10/2020,24722,21998,0
6/9/2020,19530,21787,0
6/8/2020,17888,21958,0
6/7/2020,18202,21842,0
6/6/2020,23524,22134,0
6/5/2020,25791,22220,0
6/4/2020,24331,22209,0
6/3/2020,23244,22183,0
6/2/2020,20730,21946,0
6/1/2020,17078,21306,0
5/31/2020,20240,21545,0
5/30/2020,24132,21647,0
5/29/2020,25710,21219,0
5/28/2020,24149,21347,0
5/27/2020,21584,21877,0
5/26/2020,16250,22348,0
5/25/2020,18751,23112,0
5/24/2020,20954,24070,0
5/23/2020,21138,23823,0
5/22/2020,26606,24606,0
5/21/2020,27857,24696,0
5/20/2020,24886,25012,0
5/19/2020,21593,24789,0
5/18/2020,25460,25254,0
5/17/2020,19224,24465,0
5/16/2020,26616,24648,0
5/15/2020,27240,24597,0
5/14/2020,30067,24789,0
5/13/2020,23326,25108,0
5/12/2020,24849,25278,0
5/11/2020,19938,25093,0
5/10/2020,20506,25329,0
5/9/2020,26255,26378,0
5/8/2020,28584,26653,0
5/7/2020,32304,26894,0
5/6/2020,24511,26915,0
5/5/2020,23559,27524,0
5/4/2020,21585,27571,0
5/3/2020,27851,27902,0
5/2/2020,28178,27885,0
5/1/2020,30270,28541,0
4/30/2020,32456,29068,0
4/29/2020,28775,29024,0
4/28/2020,23882,29363,0
4/27/2020,23907,29538,0
4/26/2020,27732,29884,0
4/25/2020,32765,29924,0
4/24/2020,33959,29178,0
4/23/2020,32150,28669,0
4/22/2020,31151,28548,0
4/21/2020,25108,27793,0
4/20/2020,26325,27856,0
4/19/2020,28010,27707,0
4/18/2020,27545,27665,0
4/17/2020,30398,28324,0
4/16/2020,31300,28551,0
4/15/2020,25869,29091,0
4/14/2020,25545,30171,0
4/13/2020,25282,30841,0
4/12/2020,27718,31340,0
4/11/2020,32156,31297,0
4/10/2020,31988,31356,0
4/9/2020,35081,31316,0
4/8/2020,33430,30594,0
4/7/2020,30238,29922,0
4/6/2020,28772,28925,0
4/5/2020,27420,27912,0
4/4/2020,32564,27063,0
4/3/2020,31712,25403,0
4/2/2020,30026,23843,0
4/1/2020,28723,22322,0
3/31/2020,23263,20335,0
3/30/2020,21681,18747,0
3/29/2020,21472,17287,0
3/28/2020,20944,15878,0
3/27/2020,20793,14312,0
3/26/2020,19379,12521,0
3/25/2020,14816,10787,0
3/24/2020,12147,9544,0
3/23/2020,11461,8384,0
3/22/2020,11610,7162,0
3/21/2020,9983,5922,0
3/20/2020,8254,4754,0
3/19/2020,7239,3763,0
3/18/2020,6116,2892,0
3/17/2020,4031,2143,0
3/16/2020,2902,1664,0
3/15/2020,2930,1336,0
3/14/2020,1807,967,0
3/13/2020,1317,747,0
3/12/2020,1144,590,0
3/11/2020,872,450,0
3/10/2020,676,346,0
3/9/2020,609,273,0
3/8/2020,347,197,0
3/7/2020,265,161,0
3/6/2020,217,128,0
3/5/2020,167,104,0
3/4/2020,141,86,0
3/3/2020,170,72,0
3/2/2020,77,51,0
3/1/2020,90,42,0
2/29/2020,38,33,0
2/28/2020,51,31,0
2/27/2020,35,26,0
2/26/2020,43,23,0
2/25/2020,24,19,0
2/24/2020,19,17,0
2/23/2020,22,17,0
2/22/2020,26,15,0
2/21/2020,18,12,0
2/20/2020,12,10,0
2/19/2020,16,9,0
2/18/2020,7,8,0
2/17/2020,18,9,0
2/16/2020,10,7,0
2/15/2020,5,11,0
2/14/2020,7,11,0
2/13/2020,5,11,0
2/12/2020,10,10,0
2/11/2020,8,9,0
2/10/2020,8,9,0
2/9/2020,35,13,0
2/8/2020,7,88,0
2/7/2020,5,88,0
2/6/2020,1,88,0
2/5/2020,5,88,0
2/4/2020,8,87,0
2/3/2020,32,86,0
2/2/2020,562,82,0
2/1/2020,4,2,0
1/31/2020,4,2,0
1/30/2020,2,1,0
1/29/2020,1,1,0
1/28/2020,1,6,0
1/27/2020,1,6,0
1/26/2020,3,6,0
1/25/2020,3,5,0
1/24/2020,1,5,0
1/23/2020,2,5,0
1/22/2020,33,4,0
